[Rgb]
device_id = "/dev/v4l/by-id/usb-e-con_Systems_See3CAM_CU20_180B0204-video-index0"
width = 1920
height = 1080
fps = 30
fx = 897.516662598
fy = 897.41607666
cx = 931.799279232
cy = 545.461987633
k1 = 0.0103870988126
k2 = 0.033695257858
k3 = -0.0167451131885
k4 = -0.0122578935315